<1  2  3  4  5  6  7  8  9  10  11  12  13  14  15  16  17  18  19  20>

6  9  14  19  17  16  15  4  11  8  10  7  18  1  2  3  13  12  20  5
find P = 6 / 8 / 5 -> 6(0 19)
left = 4 1 2 end 3  // right = 20 12 13 end
 6  9  14  19  17  16  15  20  11  8  10  7  18  12  13  3  2  1  4  5
13  9  14  19  17  16  15  20  11  8  10  7  18  12  6  3  2  1  4  5

						 #
13  9  14  19  17  16  15  20  11  8  10  7  18  12  6  3  2  1  4  5
find P = 13 / 15 / 12 -> 13(0 13)
left = 9 end // right = 18 end 20
13  18  14  19  17  16  15  20  11  8  10  7  9  12
20  18  14  19  17  16  15  13  11  8  10  7  9  12

20  18  14  19  17  16  15  13  11  8  10  7  9  12  6  3  2  1  4  5 
find P = 20 / 19/ 15 ->19 (0 6)
left = end 18 14 // right = end
20  18  14  19  17  16  15
20  19  14  18  17  16  15  13  11  8  10  7  9  12  6  3  2  1  4  5 

20  19  14  18  17  16  15  13  11  8  10  7  9  12  6  3  2  1  4  5  
find P = 14 / 17/ 15 -> 15(2,6)
14  18  17  16  15
left = 14 end // right = 16 end 17  
        16  18  17  14  15
20  19 [14  18  17  16  15] 13  11  8  10  7  9  12  6  3  2  1  4  5 


