9 1 3 8 4 5 7 2 6
작은것 큰것 기준 5
9 6 3 8 4 5 7 2 1
#     #     #
큰것부터 정렬해서 놓기
안에 들어가야 함 바깥부터 1번째 부터 바꾸기
다 바꾸면 처음 꺼랑 큰거 정렬 다음 index랑 바꾸기
===============================================================
6  9  14  19  17  16  15  4  11  8  10  7  18  1  2  3  13  12  20  5
20  19  18  17  16  15  14  13  12  11  10  9  8  7  6  5  4  3  2  1
New Data Set
arr : [6  9  14  19  17  16  15  4  11  8  10  7  18  1  2  3  13  12  20  5]
quick sort started
Sort in [0,19]
arr : [6  9  14  19  17  16  15  4  11  8  10  7  18  1  2  3  13  12  20  5]
Sort in [0,13]
       6  9  14  19  17  16  15  4  11  8  10  7  18  1 # 2  3  13  12  20  5
arr : [13  9  14  19  17  16  15  20  11  8  10  7  18  12] 6  3  2  1  4  5 
Sort in [0,6]
       13  9  14  19  17  16  15 # 20  11  8  10  7  18  12  6  3  2  1  4  5 
arr : [20  18  14  19  17  16  15] 13  11  8  10  7  9  12  6  3  2  1  4  5 
Sort in [0,0]
       20 # 18  14  19  17  16  15  13  11  8  10  7  9  12  6  3  2  1  4  5 
arr : [20] 19  14  18  17  16  15  13  11  8  10  7  9  12  6  3  2  1  4  5 
Sort in [2,6]
       20  19  14  18  17  16  15 # 13  11  8  10  7  9  12  6  3  2  1  4  5 
arr :  20  19 [14  18  17  16  15] 13  11  8  10  7  9  12  6  3  2  1  4  5 
Sort in [2,4]
arr :  20  19 [16  18  17] 15  14  13  11  8  10  7  9  12  6  3  2  1  4  5 
Sort in [2,2]
arr :  20  19 [18] 17  16  15  14  13  11  8  10  7  9  12  6  3  2  1  4  5 
Sort in [4,4]
arr :  20  19  18  17 [16] 15  14  13  11  8  10  7  9  12  6  3  2  1  4  5 
Sort in [6,6]
arr :  20  19  18  17  16  15 [14] 13  11  8  10  7  9  12  6  3  2  1  4  5 
Sort in [8,13]
arr :  20  19  18  17  16  15  14  13 [11  8  10  7  9  12] 6  3  2  1  4  5 
Sort in [8,8]
arr :  20  19  18  17  16  15  14  13 [12] 11  10  7  9  8  6  3  2  1  4  5 
Sort in [10,13]
arr :  20  19  18  17  16  15  14  13  12  11 [10  7  9  8] 6  3  2  1  4  5 
Sort in [10,11]
arr :  20  19  18  17  16  15  14  13  12  11 [9  10] 8  7  6  3  2  1  4  5 
Sort in [10,10]
arr :  20  19  18  17  16  15  14  13  12  11 [10] 9  8  7  6  3  2  1  4  5 
Sort in [12,11]
Sort in [13,13]
arr :  20  19  18  17  16  15  14  13  12  11  10  9  8 [7] 6  3  2  1  4  5 
Sort in [15,19]
arr :  20  19  18  17  16  15  14  13  12  11  10  9  8  7  6 [3  2  1  4  5]
Sort in [15,16]
arr :  20  19  18  17  16  15  14  13  12  11  10  9  8  7  6 [4  5] 3  1  2 
Sort in [15,15]
arr :  20  19  18  17  16  15  14  13  12  11  10  9  8  7  6 [5] 4  3  1  2 
Sort in [17,16]
Sort in [18,19]
arr :  20  19  18  17  16  15  14  13  12  11  10  9  8  7  6  5  4  3 [1  2]
Sort in [18,18]
arr :  20  19  18  17  16  15  14  13  12  11  10  9  8  7  6  5  4  3 [2] 1 
Sort in [20,19]

